0000000100000000
1110110000010000
0000000000000000
1110001100001000
0000000000000111
1110110000010000
0000000000000000
1111110000100000
1110001100001000
0000000000000000
1111110111001000
0000000000001011
1110110000010000
0000000000000000
1111110000100000
1110001100001000
0000000000000000
1111110111001000
0000000000000000
1111110010001000
1111110000100000
1111110000010000
0000000000000000
1111110010001000
1111110000100000
1111000111010000
0000000000100100
1110001100000100
1110101010010000
0000000000000000
1111110000100000
1110001100001000
0000000000000000
1111110111001000
0000000000101010
1110101010000111
1110111010010000
0000000000000000
1111110000100000
1110001100001000
0000000000000000
1111110111001000
0000000000000000